2001
2008
2011
2012
2014
2015
2022
2023
2036
2045
2048
2083
2086
2182
2184
2191
2193
2202
2208
2213
2218
2240
2247
2250
2256
2261
2265
2270
2275
2280
2285
2290
2295
2300
2305
2310
2315
2320
2325
2330
2335
2340
2345
2350
2355
2360
2365
2370
2375
2380
2385
2390
2395
2400
2405
2410
2415
2420
2425
2430
2435
2440
2445
2450
2455
2460
2465
2470
2475
2480
2485
2490
2495
2500
2505
2510
2515
2520
2525
2530
2535
2540
2545
2550
2555
2560
2565
2570
2575
2580
2585
2590
2595
2600
2605
4690
4942
4939
4935
4912
4905
4863
4854
4848
4845
4841
4837
4835
4823
4822
4807
4803
4795
4792
4784
4782
4771
4769
4761
4760
4758
4743
4710
4686
4671
4655
4654
4629
4628
4622
4621
4616
4612
4592
4588
4587
4581
4572
4564
4562
4561
4551
4550
4549
4546
4541
4540
4536
4529
4458
4455
4452
4444
4419
4403
4388
4383
4376
4374
4370
4342
4330
4327
4310
4305
4304
4302
4297
4287
4285
4279
4267
4262
4259
4256
4247
4213
4207
4194
